province,city,year,month,price
,天津,2011,12,12732
,天津,2011,11,12952
,天津,2011,10,13083
,天津,2011,09,13249
,天津,2011,08,13330
,天津,2011,07,13322
,天津,2011,06,13311
,天津,2011,05,13271
,天津,2011,04,13230
,天津,2011,03,13064
,天津,2011,02,12755
,天津,2011,01,12504
,重庆,2011,12,6583
,重庆,2011,11,6657
,重庆,2011,10,6728
,重庆,2011,09,6773
,重庆,2011,08,6811
,重庆,2011,07,6841
,重庆,2011,06,6839
,重庆,2011,05,6815
,重庆,2011,04,6779
,重庆,2011,03,6591
,重庆,2011,02,6286
,重庆,2011,01,6187
,天津,2016,12,23220
,天津,2016,11,22922
,天津,2016,10,22659
,天津,2016,09,19764
,天津,2016,08,18415
,天津,2016,07,17795
,天津,2016,06,17713
,天津,2016,05,17405
,天津,2016,04,16948
,天津,2016,03,16138
,天津,2016,02,15557
,天津,2016,01,15553
,重庆,2016,12,7493
,重庆,2016,11,7132
,重庆,2016,10,7059
,重庆,2016,09,7019
,重庆,2016,08,6966
,重庆,2016,07,6949
,重庆,2016,06,6961
,重庆,2016,05,7179
,重庆,2016,04,7112
,重庆,2016,03,7067
,重庆,2016,02,7099
,重庆,2016,01,7106
,珠海,2012,12,9455
,珠海,2012,11,9422
,珠海,2012,10,9296
,珠海,2012,09,9401
,珠海,2012,08,9327
,珠海,2012,07,9251
,珠海,2012,06,9297
,珠海,2012,05,9411
,珠海,2012,04,9290
,珠海,2012,03,9538
,珠海,2012,02,9775
,珠海,2012,01,10330
,中山,2012,12,4885
,中山,2012,11,5001
,中山,2012,10,5080
,中山,2012,09,5129
,中山,2012,08,5064
,中山,2012,07,4998
,中山,2012,06,4935
,中山,2012,05,4972
,中山,2012,04,5005
,中山,2012,03,5271
,中山,2012,02,5387
,中山,2012,01,5364
,深圳,2012,12,19298
,深圳,2012,11,19144
,深圳,2012,10,18979
,深圳,2012,09,18836
,深圳,2012,08,18636
,深圳,2012,07,18255
,深圳,2012,06,17953
,深圳,2012,05,17844
,深圳,2012,04,17831
,深圳,2012,03,17457
,深圳,2012,02,16926
,深圳,2012,01,17100
,惠州,2012,12,5698
,惠州,2012,11,5595
,惠州,2012,10,5601
,惠州,2012,09,5614
,惠州,2012,08,5556
,惠州,2012,07,5556
,惠州,2012,06,5552
,惠州,2012,05,5387
,惠州,2012,04,5353
,惠州,2012,03,5390
,惠州,2012,02,5116
,惠州,2012,01,5556
,广州,2012,12,16555
,广州,2012,11,16207
,广州,2012,10,15886
,广州,2012,09,15754
,广州,2012,08,15467
,广州,2012,07,15246
,广州,2012,06,15152
,广州,2012,05,15148
,广州,2012,04,15203
,广州,2012,03,15215
,广州,2012,02,15194
,广州,2012,01,14993
,佛山,2012,12,6003
,佛山,2012,11,5925
,佛山,2012,10,5905
,佛山,2012,09,5911
,佛山,2012,08,5916
,佛山,2012,07,5862
,佛山,2012,06,5816
,佛山,2012,05,5913
,佛山,2012,04,6005
,佛山,2012,03,6069
,佛山,2012,02,6143
,佛山,2012,01,6160
,东莞,2012,12,6731
,东莞,2012,11,6777
,东莞,2012,10,6718
,东莞,2012,09,6701
,东莞,2012,08,6643
,东莞,2012,07,6660
,东莞,2012,06,6757
,东莞,2012,05,6782
,东莞,2012,04,6757
,东莞,2012,03,6661
,东莞,2012,02,6456
,东莞,2012,01,6464
,深圳,2010,12,16645
,深圳,2010,11,16108
,深圳,2010,10,15997
,深圳,2010,09,15327
,深圳,2010,08,14822
,深圳,2010,07,14767
,深圳,2010,06,14961
,深圳,2010,05,14972
,深圳,2010,04,14978
,深圳,2010,03,14021
,深圳,2010,02,13607
,深圳,2010,01,13342
,广州,2010,12,12944
,广州,2010,11,12413
,广州,2010,10,12062
,广州,2010,09,11505
,广州,2010,08,10878
,广州,2010,07,10622
,广州,2010,06,10787
,广州,2010,05,10610
,广州,2010,04,10351
,广州,2010,03,10000
,广州,2010,02,10000
,广州,2010,01,9873
,佛山,2010,12,5949
,佛山,2010,11,5867
,佛山,2010,10,5725
,佛山,2010,09,5519
,佛山,2010,08,5404
,佛山,2010,07,5402
,佛山,2010,06,5499
,佛山,2010,05,5581
,佛山,2010,04,6108
,佛山,2010,03,6724
,佛山,2010,02,4832
,珠海,2013,12,11365
,珠海,2013,11,11026
,珠海,2013,10,10801
,珠海,2013,09,10679
,珠海,2013,08,10563
,珠海,2013,07,10295
,珠海,2013,06,10044
,珠海,2013,05,10000
,珠海,2013,04,9927
,珠海,2013,03,9605
,珠海,2013,02,9362
,珠海,2013,01,9419
,中山,2013,12,5241
,中山,2013,11,5216
,中山,2013,10,5188
,中山,2013,09,5248
,中山,2013,08,5234
,中山,2013,07,5194
,中山,2013,06,5113
,中山,2013,05,5016
,中山,2013,04,5057
,中山,2013,03,5107
,中山,2013,02,5016
,中山,2013,01,4929
,珠海,2015,12,14980
,珠海,2015,11,14547
,珠海,2015,10,14553
,珠海,2015,09,14180
,珠海,2015,08,13929
,珠海,2015,07,13694
,珠海,2015,06,13457
,珠海,2015,05,13228
,珠海,2015,04,13051
,珠海,2015,03,13156
,珠海,2015,02,13068
,珠海,2015,01,12719
,中山,2015,12,5925
,中山,2015,11,5791
,中山,2015,10,5703
,中山,2015,09,5701
,中山,2015,08,5759
,中山,2015,07,5959
,中山,2015,06,5788
,中山,2015,05,5967
,中山,2015,04,5777
,中山,2015,03,5688
,中山,2015,02,6366
,中山,2015,01,6285
,肇庆,2015,12,5537
,肇庆,2015,11,5419
,肇庆,2015,10,5266
,肇庆,2015,09,5526
,肇庆,2015,08,5772
,肇庆,2015,07,5739
,肇庆,2015,06,4869
,肇庆,2015,05,4843
,肇庆,2015,04,4827
,湛江,2015,12,5627
,湛江,2015,11,5359
,湛江,2015,10,5439
,湛江,2015,09,5822
,湛江,2015,08,5829
,湛江,2015,07,4342
,湛江,2015,06,4268
,湛江,2015,05,4221
,湛江,2015,04,4253
,阳江,2015,12,4177
,阳江,2015,11,4105
,阳江,2015,10,4193
,阳江,2015,09,4056
,阳江,2015,08,4070
,阳江,2015,07,4286
,阳江,2015,06,4259
,阳江,2015,05,4247
,阳江,2015,04,4181
,顺德,2015,09,8773
,深圳,2015,12,41494
,深圳,2015,11,39451
,深圳,2015,10,40118
,深圳,2015,09,40230
,深圳,2015,08,39972
,深圳,2015,07,39900
,深圳,2015,06,36762
,深圳,2015,05,33384
,深圳,2015,04,30791
,深圳,2015,03,29436
,深圳,2015,02,29110
,深圳,2015,01,28993
,韶关,2015,12,4598
,韶关,2015,11,4843
,韶关,2015,10,4969
,韶关,2015,09,4905
,韶关,2015,08,5185
,韶关,2015,07,4002
,韶关,2015,06,4093
,韶关,2015,05,3969
,韶关,2015,04,3867
,汕头,2015,12,7479
,汕头,2015,11,3916
,汕头,2015,10,6151
,汕头,2015,09,5055
,汕头,2015,08,4897
,汕头,2015,07,3863
,汕头,2015,06,3883
,汕头,2015,05,3884
,汕头,2015,04,3750
,清远,2015,12,3834
,清远,2015,11,3862
,清远,2015,10,4049
,清远,2015,09,4049
,清远,2015,08,3847
,清远,2015,07,3650
,清远,2015,06,3645
,清远,2015,05,3643
,清远,2015,04,3763
,茂名,2015,12,5585
,茂名,2015,11,5592
,茂名,2015,10,5801
,茂名,2015,09,5707
,茂名,2015,08,5794
,茂名,2015,07,5339
,茂名,2015,06,5286
,茂名,2015,05,5339
,茂名,2015,04,5224
,揭阳,2015,12,5526
,揭阳,2015,11,5280
,揭阳,2015,10,5515
,揭阳,2015,09,5389
,揭阳,2015,08,5252
,揭阳,2015,07,4804
,揭阳,2015,06,4823
,揭阳,2015,05,4852
,揭阳,2015,04,4795
,江门,2015,12,5043
,江门,2015,11,3673
,江门,2015,10,3309
,江门,2015,09,3132
,江门,2015,08,3409
,江门,2015,07,3755
,江门,2015,06,4538
,江门,2015,05,4081
,江门,2015,04,3795
,江门,2015,03,4071
,惠州,2015,12,6125
,惠州,2015,11,6022
,惠州,2015,10,6027
,惠州,2015,09,6000
,惠州,2015,08,6112
,惠州,2015,07,6025
,惠州,2015,06,5885
,惠州,2015,05,5715
,惠州,2015,04,5517
,惠州,2015,03,5269
,惠州,2015,02,5211
,惠州,2015,01,5332
,河源,2015,12,8223
,河源,2015,11,7211
,河源,2015,10,7246
,河源,2015,09,8483
,河源,2015,08,8125
,河源,2015,07,7487
,河源,2015,06,6703
,河源,2015,05,6812
,河源,2015,04,4047
,广州,2015,12,20016
,广州,2015,11,19996
,广州,2015,10,19921
,广州,2015,09,19988
,广州,2015,08,19997
,广州,2015,07,20014
,广州,2015,06,19902
,广州,2015,05,19562
,广州,2015,04,19417
,广州,2015,03,19024
,广州,2015,02,18851
,广州,2015,01,18792
,佛山,2015,12,6082
,佛山,2015,11,6117
,佛山,2015,10,6113
,佛山,2015,09,6180
,佛山,2015,08,6180
,佛山,2015,07,6153
,佛山,2015,06,6158
,佛山,2015,05,6066
,佛山,2015,04,5940
,佛山,2015,03,5858
,佛山,2015,02,5791
,佛山,2015,01,5802
,东莞,2015,12,8371
,东莞,2015,11,8411
,东莞,2015,10,8542
,东莞,2015,09,8775
,东莞,2015,08,8863
,东莞,2015,07,8849
,东莞,2015,06,8811
,东莞,2015,05,8688
,东莞,2015,04,8603
,东莞,2015,03,8626
,东莞,2015,02,8425
,东莞,2015,01,8045
,珠海,2014,12,12231
,珠海,2014,11,12432
,珠海,2014,10,12291
,珠海,2014,09,12424
,珠海,2014,08,12577
,珠海,2014,07,12931
,珠海,2014,06,13133
,珠海,2014,05,12906
,珠海,2014,04,12207
,珠海,2014,03,12006
,珠海,2014,02,11880
,珠海,2014,01,11636
,中山,2014,12,6447
,中山,2014,11,6151
,中山,2014,10,5753
,中山,2014,09,5635
,中山,2014,08,5610
,中山,2014,07,6399
,中山,2014,06,6610
,中山,2014,05,5623
,中山,2014,04,5370
,中山,2014,03,5425
,中山,2014,02,5359
,中山,2014,01,5288
,深圳,2014,12,28117
,深圳,2014,11,28123
,深圳,2014,10,27658
,深圳,2014,09,26570
,深圳,2014,08,26570
,深圳,2014,07,26688
,深圳,2014,06,25498
,深圳,2014,05,26090
,深圳,2014,04,26084
,深圳,2014,03,25611
,深圳,2014,02,25147
,深圳,2014,01,24881
,江门,2014,07,5732
,惠州,2014,12,5585
,惠州,2014,11,5385
,惠州,2014,10,5638
,惠州,2014,09,5890
,惠州,2014,08,6154
,惠州,2014,07,5812
,惠州,2014,06,5793
,惠州,2014,05,5750
,惠州,2014,04,5688
,惠州,2014,03,5658
,惠州,2014,02,5437
,惠州,2014,01,5457
,广州,2014,12,18564
,广州,2014,11,18081
,广州,2014,10,17338
,广州,2014,09,17312
,广州,2014,08,17450
,广州,2014,07,17764
,广州,2014,06,18440
,广州,2014,05,18757
,广州,2014,04,19040
,广州,2014,03,19460
,广州,2014,02,18977
,广州,2014,01,18893
,佛山,2014,12,6075
,佛山,2014,11,6147
,佛山,2014,10,6190
,佛山,2014,09,6146
,佛山,2014,08,6185
,佛山,2014,07,6216
,佛山,2014,06,6309
,佛山,2014,05,6355
,佛山,2014,04,6378
,佛山,2014,03,6360
,佛山,2014,02,6331
,佛山,2014,01,6303
,东莞,2014,12,7926
,东莞,2014,11,7863
,东莞,2014,10,7961
,东莞,2014,09,7954
,东莞,2014,08,8298
,东莞,2014,07,8384
,东莞,2014,06,8413
,东莞,2014,05,8294
,东莞,2014,04,7916
,东莞,2014,03,7789
,东莞,2014,02,7922
,东莞,2014,01,7687
,深圳,2013,12,24910
,深圳,2013,11,24718
,深圳,2013,10,24560
,深圳,2013,09,24192
,深圳,2013,08,22734
,深圳,2013,07,21434
,深圳,2013,06,21181
,深圳,2013,05,21690
,深圳,2013,04,21584
,深圳,2013,03,20796
,深圳,2013,02,19915
,深圳,2013,01,19550
,惠州,2013,12,5480
,惠州,2013,11,5592
,惠州,2013,10,5746
,惠州,2013,09,5676
,惠州,2013,08,5697
,惠州,2013,07,5768
,惠州,2013,06,5804
,惠州,2013,05,5717
,惠州,2013,04,5418
,惠州,2013,03,5538
,惠州,2013,02,5817
,惠州,2013,01,5926
,广州,2013,12,19208
,广州,2013,11,19589
,广州,2013,10,19445
,广州,2013,09,19011
,广州,2013,08,18293
,广州,2013,07,17759
,广州,2013,06,17515
,广州,2013,05,17304
,广州,2013,04,17651
,广州,2013,03,17665
,广州,2013,02,17423
,广州,2013,01,17003
,佛山,2013,12,6279
,佛山,2013,11,6250
,佛山,2013,10,6267
,佛山,2013,09,6298
,佛山,2013,08,6274
,佛山,2013,07,6256
,佛山,2013,06,6230
,佛山,2013,05,6242
,佛山,2013,04,6217
,佛山,2013,03,6081
,佛山,2013,02,6032
,佛山,2013,01,6033
,东莞,2013,12,7611
,东莞,2013,11,7515
,东莞,2013,10,7515
,东莞,2013,09,7445
,东莞,2013,08,7426
,东莞,2013,07,7575
,东莞,2013,06,7423
,东莞,2013,05,7362
,东莞,2013,04,7241
,东莞,2013,03,7070
,东莞,2013,02,6931
,东莞,2013,01,6822
,珠海,2017,12,19531
,珠海,2017,11,19323
,珠海,2017,10,18427
,珠海,2017,09,18124
,珠海,2017,08,18049
,珠海,2017,07,18144
,珠海,2017,06,18449
,珠海,2017,05,18933
,珠海,2017,04,19008
,珠海,2017,03,18977
,珠海,2017,02,18595
,珠海,2017,01,18639
,中山,2017,12,11266
,中山,2017,11,11185
,中山,2017,10,10946
,中山,2017,09,10789
,中山,2017,08,10782
,中山,2017,07,10845
,中山,2017,06,10822
,中山,2017,05,10617
,中山,2017,04,10277
,中山,2017,03,9275
,中山,2017,02,8783
,中山,2017,01,8466
,珠海,2019,05,20984
,珠海,2019,04,21011
,珠海,2019,03,20917
,珠海,2019,02,20670
,珠海,2019,01,20845
,中山,2019,05,11179
,中山,2019,04,11226
,中山,2019,03,11285
,中山,2019,02,11421
,中山,2019,01,11502
,肇庆,2019,05,7131
,肇庆,2019,04,7162
,肇庆,2019,03,7253
,肇庆,2019,02,7168
,肇庆,2019,01,7143
,湛江,2019,05,6682
,湛江,2019,04,6707
,湛江,2019,03,6859
,湛江,2019,02,6978
,湛江,2019,01,6785
,云浮,2019,05,6411
,云浮,2019,04,6399
,云浮,2019,03,6464
,云浮,2019,02,6305
,云浮,2019,01,6064
,阳江,2019,05,5848
,阳江,2019,04,5898
,阳江,2019,03,6011
,阳江,2019,02,5909
,阳江,2019,01,5877
,阳春,2019,05,5144
,阳春,2019,04,5265
,阳春,2019,03,5381
,阳春,2019,02,5444
,阳春,2019,01,5394
,台山,2019,05,7064
,台山,2019,04,6956
,台山,2019,03,6843
,台山,2019,02,6745
,台山,2019,01,6636
,顺德,2019,05,8888
,顺德,2019,04,8888
,顺德,2019,03,8888
,顺德,2019,02,8888
,顺德,2019,01,8888
,深圳,2019,05,54119
,深圳,2019,04,54336
,深圳,2019,03,53853
,深圳,2019,02,53763
,深圳,2019,01,53678
,韶关,2019,05,5251
,韶关,2019,04,5328
,韶关,2019,03,5447
,韶关,2019,02,5454
,韶关,2019,01,5456
,汕尾,2019,05,7036
,汕尾,2019,04,6656
,汕尾,2019,03,6556
,汕尾,2019,02,6341
,汕尾,2019,01,6567
,汕头,2019,05,8893
,汕头,2019,04,8947
,汕头,2019,03,9067
,汕头,2019,02,8998
,汕头,2019,01,8886
,梅州,2019,05,6152
,梅州,2019,04,6253
,梅州,2019,03,6573
,梅州,2019,02,6714
,梅州,2019,01,6767
,清远,2019,05,6898
,清远,2019,04,6934
,清远,2019,03,7079
,清远,2019,02,7073
,清远,2019,01,7041
,茂名,2019,05,7068
,茂名,2019,04,7107
,茂名,2019,03,7173
,茂名,2019,02,7163
,茂名,2019,01,7110
,揭阳,2019,05,5685
,揭阳,2019,04,5756
,揭阳,2019,03,6173
,揭阳,2019,02,6352
,揭阳,2019,01,6176
,江门,2019,05,7155
,江门,2019,04,7150
,江门,2019,03,7135
,江门,2019,02,7149
,江门,2019,01,7126
,惠州,2019,05,9923
,惠州,2019,04,9973
,惠州,2019,03,10104
,惠州,2019,02,10148
,惠州,2019,01,10007
,河源,2019,05,6070
,河源,2019,04,6171
,河源,2019,03,6234
,河源,2019,02,6247
,河源,2019,01,6303
,广州,2019,05,32058
,广州,2019,04,32047
,广州,2019,03,32467
,广州,2019,02,32791
,广州,2019,01,32758
,佛山,2019,05,11614
,佛山,2019,04,11494
,佛山,2019,03,11352
,佛山,2019,02,11208
,佛山,2019,01,11053
,东莞,2019,05,15494
,东莞,2019,04,15586
,东莞,2019,03,15575
,东莞,2019,02,15431
,东莞,2019,01,15038
,潮州,2019,05,7884
,潮州,2019,04,8015
,潮州,2019,03,8147
,潮州,2019,02,8294
,潮州,2019,01,8439
,珠海,2018,12,20778
,珠海,2018,11,20811
,珠海,2018,10,20924
,珠海,2018,09,21114
,珠海,2018,08,21216
,珠海,2018,07,20058
,珠海,2018,06,20151
,珠海,2018,05,19983
,珠海,2018,04,19940
,珠海,2018,03,19926
,珠海,2018,02,19752
,珠海,2018,01,19437
,中山,2018,12,11747
,中山,2018,11,12018
,中山,2018,10,12191
,中山,2018,09,12276
,中山,2018,08,12365
,中山,2018,07,12100
,中山,2018,06,12033
,中山,2018,05,11956
,中山,2018,04,11885
,中山,2018,03,11809
,中山,2018,02,11439
,中山,2018,01,11426
,肇庆,2018,12,7265
,肇庆,2018,11,7374
,肇庆,2018,10,7439
,肇庆,2018,09,7509
,肇庆,2018,08,7675
,肇庆,2018,07,7655
,肇庆,2018,06,7577
,肇庆,2018,05,7435
,肇庆,2018,04,7379
,肇庆,2018,03,7297
,肇庆,2018,02,7261
,肇庆,2018,01,7148
,湛江,2018,12,6770
,湛江,2018,11,6803
,湛江,2018,10,7009
,湛江,2018,09,6984
,湛江,2018,08,7009
,湛江,2018,07,7051
,湛江,2018,06,7101
,湛江,2018,05,7071
,湛江,2018,04,7109
,湛江,2018,03,7189
,湛江,2018,02,7178
,湛江,2018,01,7040
,云浮,2018,12,6043
,阳江,2018,12,5870
,阳江,2018,11,5918
,阳江,2018,10,5955
,阳江,2018,09,5983
,阳江,2018,08,6099
,阳江,2018,07,6127
,阳江,2018,06,6269
,阳江,2018,05,6099
,阳江,2018,04,5981
,阳江,2018,03,5760
,阳江,2018,02,5465
,阳江,2018,01,5384
,阳春,2018,12,5390
,阳春,2018,11,5469
,阳春,2018,10,5360
,阳春,2018,09,5260
,阳春,2018,08,5258
,阳春,2018,07,5447
,阳春,2018,06,5609
,台山,2018,12,6494
,台山,2018,11,6494
,台山,2018,10,6494
,台山,2018,09,6494
,台山,2018,08,6494
,台山,2018,07,6270
,台山,2018,06,6149
,台山,2018,05,5968
,台山,2018,04,6476
,台山,2018,03,6536
,台山,2018,02,6294
,台山,2018,01,6442
,顺德,2018,12,8888
,顺德,2018,11,8888
,顺德,2018,10,8888
,顺德,2018,09,8888
,顺德,2018,08,8605
,顺德,2018,07,10909
,顺德,2018,06,10909
,顺德,2018,05,10909
,顺德,2018,04,10909
,顺德,2018,03,10909
,顺德,2018,02,10909
,顺德,2018,01,10909
,深圳,2018,12,53205
,深圳,2018,11,53716
,深圳,2018,10,53768
,深圳,2018,09,54199
,深圳,2018,08,54233
,深圳,2018,07,53850
,深圳,2018,06,53350
,深圳,2018,05,52850
,深圳,2018,04,52685
,深圳,2018,03,52240
,深圳,2018,02,52077
,深圳,2018,01,51732
,韶关,2018,12,5512
,韶关,2018,11,5541
,韶关,2018,10,5726
,韶关,2018,09,5682
,韶关,2018,08,5587
,韶关,2018,07,5556
,韶关,2018,06,5543
,韶关,2018,05,5480
,韶关,2018,04,5494
,韶关,2018,03,5411
,韶关,2018,02,5290
,韶关,2018,01,5192
,汕尾,2018,12,6673
,汕尾,2018,11,6793
,汕尾,2018,10,6894
,汕尾,2018,09,6993
,汕尾,2018,08,7274
,汕尾,2018,07,7088
,汕尾,2018,06,6690
,汕尾,2018,05,7402
,汕尾,2018,04,8253
,汕尾,2018,03,8362
,汕尾,2018,02,7877
,汕尾,2018,01,7351
,汕头,2018,12,8750
,汕头,2018,11,8815
,汕头,2018,10,8798
,汕头,2018,09,8968
,汕头,2018,08,9027
,汕头,2018,07,9062
,汕头,2018,06,9017
,汕头,2018,05,8886
,汕头,2018,04,8753
,汕头,2018,03,8565
,汕头,2018,02,8360
,汕头,2018,01,8365
,清远,2018,12,7119
,清远,2018,11,7154
,清远,2018,10,7301
,清远,2018,09,7250
,清远,2018,08,7142
,清远,2018,07,6890
,清远,2018,06,6889
,清远,2018,05,6846
,清远,2018,04,6824
,清远,2018,03,6958
,清远,2018,02,6947
,清远,2018,01,6824
,梅州,2018,12,7038
,梅州,2018,11,7467
,梅州,2018,10,7572
,梅州,2018,09,7776
,梅州,2018,08,7976
,梅州,2018,07,7990
,梅州,2018,06,8114
,梅州,2018,05,7997
,梅州,2018,04,8040
,梅州,2018,03,8075
,梅州,2018,02,8011
,梅州,2018,01,8075
,茂名,2018,12,7195
,茂名,2018,11,7340
,茂名,2018,10,7367
,茂名,2018,09,7412
,茂名,2018,08,7418
,茂名,2018,07,7390
,茂名,2018,06,7437
,茂名,2018,05,7491
,茂名,2018,04,7577
,茂名,2018,03,7532
,茂名,2018,02,7499
,茂名,2018,01,7408
,揭阳,2018,12,6171
,揭阳,2018,11,6329
,揭阳,2018,10,6610
,揭阳,2018,09,6710
,揭阳,2018,08,6856
,揭阳,2018,07,6845
,揭阳,2018,06,6855
,揭阳,2018,05,6568
,揭阳,2018,04,6701
,揭阳,2018,03,6826
,揭阳,2018,02,6574
,揭阳,2018,01,6243
,江门,2018,12,7140
,江门,2018,11,7227
,江门,2018,10,7254
,江门,2018,09,7345
,江门,2018,08,7422
,江门,2018,07,7261
,江门,2018,06,7117
,江门,2018,05,7032
,江门,2018,04,6938
,江门,2018,03,6809
,江门,2018,02,6757
,江门,2018,01,6736
,河源,2018,12,6445
,河源,2018,11,6541
,河源,2018,10,6578
,河源,2018,09,6665
,河源,2018,08,6681
,河源,2018,07,6630
,河源,2018,06,6638
,河源,2018,05,6661
,河源,2018,04,6877
,河源,2018,03,6928
,河源,2018,02,6763
,河源,2018,01,6423
,惠州,2018,12,10013
,惠州,2018,11,10142
,惠州,2018,10,10237
,惠州,2018,09,10293
,惠州,2018,08,10358
,惠州,2018,07,10375
,惠州,2018,06,10350
,惠州,2018,05,10152
,惠州,2018,04,10225
,惠州,2018,03,10271
,惠州,2018,02,10304
,惠州,2018,01,10267
,佛山,2018,12,10908
,佛山,2018,11,10780
,佛山,2018,10,10650
,佛山,2018,09,10509
,佛山,2018,08,10375
,佛山,2018,07,10302
,佛山,2018,06,10197
,佛山,2018,05,10176
,佛山,2018,04,10251
,佛山,2018,03,10242
,佛山,2018,02,10174
,佛山,2018,01,10212
,广州,2018,12,32088
,广州,2018,11,32225
,广州,2018,10,32936
,广州,2018,09,33455
,广州,2018,08,33289
,广州,2018,07,32670
,广州,2018,06,32021
,广州,2018,05,31472
,广州,2018,04,31044
,广州,2018,03,30413
,广州,2018,02,29683
,广州,2018,01,28602
,东莞,2018,12,14813
,东莞,2018,11,14956
,东莞,2018,10,15010
,东莞,2018,09,15028
,东莞,2018,08,15021
,东莞,2018,07,15241
,东莞,2018,06,14964
,东莞,2018,05,14550
,东莞,2018,04,14333
,东莞,2018,03,14122
,东莞,2018,02,14180
,东莞,2018,01,13947
,潮州,2018,12,8593
,潮州,2018,11,8728
,潮州,2018,10,8859
,潮州,2018,09,9125
,潮州,2018,08,8925
,潮州,2018,07,8495
,潮州,2018,06,8417
,潮州,2018,05,7995
,潮州,2018,04,7233
,潮州,2018,03,6939
,潮州,2018,02,7196
,潮州,2018,01,7121
,肇庆,2017,12,6964
,肇庆,2017,11,6909
,肇庆,2017,10,6865
,肇庆,2017,09,6804
,肇庆,2017,08,6934
,肇庆,2017,07,6943
,肇庆,2017,06,6835
,肇庆,2017,05,6888
,肇庆,2017,04,7008
,肇庆,2017,03,5644
,肇庆,2017,02,4961
,肇庆,2017,01,5240
,湛江,2017,12,6940
,湛江,2017,11,6902
,湛江,2017,10,6758
,湛江,2017,09,6995
,湛江,2017,08,6960
,湛江,2017,07,7080
,湛江,2017,06,7292
,湛江,2017,05,7018
,湛江,2017,04,7096
,湛江,2017,03,7039
,湛江,2017,02,6987
,湛江,2017,01,6904
,阳江,2017,12,5410
,阳江,2017,11,5342
,阳江,2017,10,5231
,阳江,2017,09,5427
,阳江,2017,08,5637
,阳江,2017,07,5696
,阳江,2017,06,5599
,阳江,2017,05,5220
,阳江,2017,04,5154
,阳江,2017,03,5437
,阳江,2017,02,5415
,阳江,2017,01,4929
,台山,2017,12,6444
,顺德,2017,12,10909
,顺德,2017,11,10909
,顺德,2017,10,10909
,顺德,2017,09,10909
,顺德,2017,08,13477
,顺德,2017,07,11624
,顺德,2017,06,6456
,顺德,2017,05,6261
,顺德,2017,04,6261
,顺德,2017,03,6261
,顺德,2017,02,6261
,顺德,2017,01,6261
,深圳,2017,12,51477
,深圳,2017,11,51277
,深圳,2017,10,51077
,深圳,2017,09,50777
,深圳,2017,08,50477
,深圳,2017,07,50077
,深圳,2017,06,49709
,深圳,2017,05,49367
,深圳,2017,04,49037
,深圳,2017,03,47512
,深圳,2017,02,46500
,深圳,2017,01,46049
,韶关,2017,12,5218
,韶关,2017,11,5082
,韶关,2017,10,4891
,韶关,2017,09,4931
,韶关,2017,08,5041
,韶关,2017,07,5314
,韶关,2017,06,5826
,韶关,2017,05,5587
,韶关,2017,04,5877
,韶关,2017,03,5748
,韶关,2017,02,5603
,韶关,2017,01,5338
,汕尾,2017,12,7554
,汕尾,2017,11,7220
,汕尾,2017,10,7770
,汕尾,2017,09,7274
,汕尾,2017,08,6466
,汕尾,2017,07,5804
,汕尾,2017,06,6352
,汕尾,2017,05,8214
,汕尾,2017,04,4596
,汕尾,2017,03,3523
,汕尾,2017,02,3523
,汕尾,2017,01,3523
,汕头,2017,12,8339
,汕头,2017,11,8431
,汕头,2017,10,8000
,汕头,2017,09,8077
,汕头,2017,08,8153
,汕头,2017,07,9438
,汕头,2017,06,9959
,汕头,2017,05,8827
,汕头,2017,04,8559
,汕头,2017,03,8445
,汕头,2017,02,8589
,汕头,2017,01,8157
,清远,2017,12,6690
,清远,2017,11,6475
,清远,2017,10,6179
,清远,2017,09,6213
,清远,2017,08,6322
,清远,2017,07,6849
,清远,2017,06,7254
,清远,2017,05,6851
,清远,2017,04,6606
,清远,2017,03,5327
,清远,2017,02,4708
,清远,2017,01,4393
,茂名,2017,12,7295
,茂名,2017,11,7333
,茂名,2017,10,7147
,茂名,2017,09,6923
,茂名,2017,08,6688
,茂名,2017,07,6735
,茂名,2017,06,6765
,茂名,2017,05,6623
,茂名,2017,04,6346
,茂名,2017,03,6102
,茂名,2017,02,6075
,茂名,2017,01,5895
,梅州,2017,12,7919
,梅州,2017,11,7767
,梅州,2017,10,7579
,梅州,2017,09,7051
,梅州,2017,08,6754
,梅州,2017,07,6704
,梅州,2017,06,6373
,梅州,2017,05,14376
,梅州,2017,04,16938
,揭阳,2017,12,6096
,揭阳,2017,11,5955
,揭阳,2017,10,5545
,揭阳,2017,09,5678
,揭阳,2017,08,5879
,揭阳,2017,07,6236
,揭阳,2017,06,6426
,揭阳,2017,05,6188
,揭阳,2017,04,6430
,揭阳,2017,03,6364
,揭阳,2017,02,6301
,揭阳,2017,01,5730
,江门,2017,12,6689
,江门,2017,11,6677
,江门,2017,10,6584
,江门,2017,09,6573
,江门,2017,08,6678
,江门,2017,07,6696
,江门,2017,06,6470
,江门,2017,05,6188
,江门,2017,04,6101
,江门,2017,03,6043
,江门,2017,02,5989
,江门,2017,01,5805
,河源,2017,12,6429
,河源,2017,11,6266
,河源,2017,10,6475
,河源,2017,09,6615
,河源,2017,08,6487
,河源,2017,07,6163
,河源,2017,06,6398
,河源,2017,05,6403
,河源,2017,04,6228
,河源,2017,03,6011
,河源,2017,02,5795
,河源,2017,01,6317
,惠州,2017,12,10227
,惠州,2017,11,10201
,惠州,2017,10,9988
,惠州,2017,09,9976
,惠州,2017,08,9834
,惠州,2017,07,9747
,惠州,2017,06,9589
,惠州,2017,05,9110
,惠州,2017,04,8929
,惠州,2017,03,8700
,惠州,2017,02,8457
,惠州,2017,01,8439
,佛山,2017,12,10229
,佛山,2017,11,10231
,佛山,2017,10,10192
,广州,2017,12,28578
,佛山,2017,09,10057
,佛山,2017,08,10000
,佛山,2017,07,10000
,佛山,2017,06,9867
,佛山,2017,05,9372
,佛山,2017,04,8794
,佛山,2017,03,7962
,佛山,2017,02,7458
,佛山,2017,01,7333
,广州,2017,11,28009
,广州,2017,10,28254
,广州,2017,09,28814
,广州,2017,08,28508
,广州,2017,07,28196
,广州,2017,06,27329
,广州,2017,05,26061
,广州,2017,04,25369
,广州,2017,03,25131
,广州,2017,02,24427
,广州,2017,01,23744
,潮州,2017,12,6366
,潮州,2017,11,6984
,潮州,2017,10,6537
,潮州,2017,09,5788
,潮州,2017,08,6625
,潮州,2017,07,6135
,潮州,2017,06,4798
,东莞,2017,12,13913
,东莞,2017,11,13763
,东莞,2017,10,13145
,东莞,2017,09,13053
,东莞,2017,08,12961
,东莞,2017,07,12929
,东莞,2017,06,13013
,东莞,2017,05,12290
,东莞,2017,04,12032
,东莞,2017,03,11642
,东莞,2017,02,11733
,东莞,2017,01,11774
